#ls
#ec A
1 12 10
2 0 1
36 72
#ec B
1 14 10
2 0 1
42 84
#ec C
1 13 10
2 0 6
39 78
#ec D
1 14 10
42 84
#ec E
0 0
#ec F
1 12 10
2 0 6
36 72
#ec G
1 15 10
2 0 1
45 90
#ec H
1 13 10
2 0 10
39 78
#ec I
2 0 8
0 0
#eb
1 10 2 15
#hv
21
#ec A
1 12 10
2 0 1
23 56
#ec B
1 14 10
2 0 1
23 56
#ec C
1 13 10
2 0 6
39 78
#ec D
1 14 10
42 84
#ec E
0 0
#ec F
1 12 10
2 0 6
36 72
#ec G
1 15 10
2 0 1
45 90
#ec H
1 13 10
2 0 10
-40 20
#ec I
2 0 8
0 0
#hacer_viaje
21
#ec A
1 12 10
2 0 1
10 40
#ec B
1 14 10
2 0 1
4 28
#ec C
1 13 10
2 0 6
39 78
#ec D
1 14 10
42 84
#ec E
0 0
#ec F
1 12 10
2 0 6
36 72
#ec G
1 15 10
2 0 1
45 90
#ec H
1 13 10
2 0 10
-119 -38
#ec I
2 0 8
0 0
#hv
21
#ec A
1 12 10
2 0 1
-3 24
#ec B
1 14 10
2 0 1
-15 0
#ec C
1 13 10
2 0 6
39 78
#ec D
1 14 10
42 84
#ec E
0 0
#ec F
1 12 10
2 0 6
36 72
#ec G
1 15 10
2 0 1
45 90
#ec H
1 13 10
2 0 10
-198 -96
#ec I
2 0 8
0 0
#hv
21
#ec A
1 12 10
2 0 1
-16 8
#ec B
1 14 10
2 0 1
-34 -28
#ec C
1 13 10
2 0 6
39 78
#ec D
1 14 10
42 84
#ec E
0 0
#ec F
1 12 10
2 0 6
36 72
#ec G
1 15 10
2 0 1
45 90
#ec H
1 13 10
2 0 10
-277 -154
#ec I
2 0 8
0 0
#hv
21
#ec A
1 12 10
2 0 1
-29 -8
#ec B
1 14 10
2 0 1
-53 -56
#ec C
1 13 10
2 0 6
39 78
#ec D
1 14 10
42 84
#ec E
0 0
#ec F
1 12 10
2 0 6
36 72
#ec G
1 15 10
2 0 1
45 90
#ec H
1 13 10
2 0 10
-356 -212
#ec I
2 0 8
0 0
#hv
21
#ec A
1 12 10
2 0 1
-42 -24
#ec B
1 14 10
2 0 1
-72 -84
#ec C
1 13 10
2 0 6
39 78
#ec D
1 14 10
42 84
#ec E
0 0
#ec F
1 12 10
2 0 6
36 72
#ec G
1 15 10
2 0 1
45 90
#ec H
1 13 10
2 0 10
-435 -270
#ec I
2 0 8
0 0
#mp B 2
-2 -44
#pp E 1
150 300
#hv
57
#ec A
1 12 10
2 0 1
-55 -40
#ec B
1 14 10
2 10 33
-112 -124
#ec C
1 13 10
2 0 6
39 78
#ec D
1 14 10
42 84
#ec E
1 50 10
162 324
#ec F
1 12 10
2 0 6
36 72
#ec G
1 15 10
2 0 1
45 90
#ec H
1 13 10
2 0 10
-435 -270
#ec I
2 0 8
0 0
#eb
1 10 2 15
H
H
H
H
H
H
H
#leer_rio
#eb
1 10 2 15
H
H
H
H
H
H
H
#mb
#eb
1 4 2 7
H
H
H
H
H
H
H
#leer_inventarios
#ec J
0 0
#ec K
1 9 5
27 54
#ec L
1 12 8
36 72
#ec M
0 0
#ec N
0 0
#ec O
0 0
#ec P
0 0
#ec Q
0 0
#ec R
0 0
#hv
4
#ec J
0 0
#ec K
1 9 5
27 54
#ec L
1 12 8
24 48
#ec M
0 0
#ec N
0 0
#ec O
0 0
#ec P
0 0
#ec Q
0 0
#ec R
0 0
#eb
1 4 2 7
H
H
H
H
H
H
H
L
