#ls
#ec A
1 12 10
2 0 1
36 72
#ec B
1 14 10
2 0 1
42 84
#ec C
1 13 10
2 0 6
39 78
#ec D
1 14 10
42 84
#ec E
0 0
#ec F
1 12 10
2 0 6
36 72
#ec G
1 15 10
2 0 1
45 90
#ec H
1 13 10
2 0 10
39 78
#ec I
2 0 8
0 0
#eb
1 10 2 15
#hv
21
#ec A
1 10 10
2 1 1
37 64
#ec B
1 10 10
2 1 1
37 64
#ec C
1 13 10
2 0 6
39 78
#ec D
1 14 10
42 84
#ec E
0 0
#ec F
1 12 10
2 0 6
36 72
#ec G
1 15 10
2 0 1
45 90
#ec H
1 10 10
2 10 10
100 100
#ec I
2 0 8
0 0
#hacer_viaje
17
#ec A
1 10 10
2 1 1
37 64
#ec B
1 10 10
2 1 1
37 64
#ec C
1 10 10
2 6 6
72 84
#ec D
1 14 10
42 84
#ec E
0 0
#ec F
1 10 10
2 6 6
72 84
#ec G
1 15 10
2 0 1
45 90
#ec H
1 10 10
2 10 10
100 100
#ec I
2 0 8
0 0
#hv
8
#ec A
1 10 10
2 1 1
37 64
#ec B
1 10 10
2 1 1
37 64
#ec C
1 10 10
2 6 6
72 84
#ec D
1 14 10
42 84
#ec E
0 0
#ec F
1 10 10
2 6 6
72 84
#ec G
1 15 10
2 0 1
45 90
#ec H
1 10 10
2 10 10
100 100
#ec I
2 8 8
56 32
#hv
6
#ec A
1 10 10
2 1 1
37 64
#ec B
1 10 10
2 1 1
37 64
#ec C
1 10 10
2 6 6
72 84
#ec D
1 14 10
42 84
#ec E
0 0
#ec F
1 10 10
2 6 6
72 84
#ec G
1 10 10
2 1 1
37 64
#ec H
1 10 10
2 10 10
100 100
#ec I
2 8 8
56 32
#hv
4
#ec A
1 10 10
2 1 1
37 64
#ec B
1 10 10
2 1 1
37 64
#ec C
1 10 10
2 6 6
72 84
#ec D
1 10 10
30 60
#ec E
0 0
#ec F
1 10 10
2 6 6
72 84
#ec G
1 10 10
2 1 1
37 64
#ec H
1 10 10
2 10 10
100 100
#ec I
2 8 8
56 32
#hv
0
#ec A
1 10 10
2 1 1
37 64
#ec B
1 10 10
2 1 1
37 64
#ec C
1 10 10
2 6 6
72 84
#ec D
1 10 10
30 60
#ec E
0 0
#ec F
1 10 10
2 6 6
72 84
#ec G
1 10 10
2 1 1
37 64
#ec H
1 10 10
2 10 10
100 100
#ec I
2 8 8
56 32
#mp B 2
100 100
#pp E 1
150 300
#hv
25
#ec A
1 10 10
2 1 1
37 64
#ec B
1 10 10
2 25 33
205 160
#ec C
1 10 10
2 6 6
72 84
#ec D
1 10 10
30 60
#ec E
1 40 10
120 240
#ec F
1 10 10
2 6 6
72 84
#ec G
1 10 10
2 1 1
37 64
#ec H
1 10 10
2 10 10
100 100
#ec I
2 8 8
56 32
#eb
1 10 2 15
H
F
I
G
D
E
#leer_rio
#eb
1 10 2 15
#mb
#eb
1 4 2 7
#leer_inventarios
#ec J
0 0
#ec K
1 9 5
27 54
#ec L
1 12 8
36 72
#ec M
0 0
#ec N
0 0
#ec O
0 0
#ec P
0 0
#ec Q
0 0
#ec R
0 0
#hv
4
#ec J
0 0
#ec K
1 5 5
15 30
#ec L
1 12 8
36 72
#ec M
0 0
#ec N
0 0
#ec O
0 0
#ec P
0 0
#ec Q
0 0
#ec R
0 0
#eb
1 4 2 7
K
